TIMESTAMP, PID, COMMAND, KB_READ/S, KB_WRITE/S
1537985984, 17262, code, 0.00, 3.96
1537985984, 23785, R, 1334.65, 3.96
1537985986, 230, jbd2/sda6-8, 0.00, 63.37
1537985988, 13860, nautilus, 47.52, 0.00
1537985990, 12364, Xorg, 0.00, 0.00
1537985991, 230, jbd2/sda6-8, 0.00, 0.00
1537985992, 230, jbd2/sda6-8, 0.00, 71.29
1537985992, 13860, nautilus, 249.50, 0.00
1537985992, 14025, zeitgeist-daemo, 31.68, 71.29
1537985992, 14036, zeitgeist-fts, 0.00, 253.47
1537985992, 16922, gvfsd-metadata, 0.00, 3.96
1537985993, 5007, chrome, 0.00, 3.96
1537985993, 20179, code, 700.99, 3.96
1537985994, 4632, unity-panel-ser, 190.10, 0.00
1537985994, 12364, Xorg, 0.00, 0.00
1537985994, 17100, chrome, 63.37, 0.00
1537985994, 20179, code, 134.65, 0.00
1537985995, 20179, code, 0.00, 7.84
1537985996, 12364, Xorg, 0.00, 0.00
1537985996, 20179, code, 3.96, 3.96
1537985997, 230, jbd2/sda6-8, 0.00, 23.53
1537985997, 14025, zeitgeist-daemo, 62.75, 58.82
1537985997, 14036, zeitgeist-fts, 0.00, 243.14
1537986001, 230, jbd2/sda6-8, 0.00, 0.00
1537986001, 14025, zeitgeist-daemo, 19.61, 31.37
1537986001, 14036, zeitgeist-fts, 0.00, 243.14
1537986002, 230, jbd2/sda6-8, 0.00, 23.76
1537986002, 5007, chrome, 0.00, 71.29
1537986002, 16922, gvfsd-metadata, 0.00, 51.49
1537986003, 12364, Xorg, 0.00, 0.00
1537986005, 5007, chrome, 0.00, 7.92
1537986005, 12364, Xorg, 0.00, 0.00
1537986005, 14303, firefox, 0.00, 186.14
1537986006, 5007, chrome, 0.00, 31.37
1537986008, 5007, chrome, 0.00, 11.88
1537986008, 12364, Xorg, 0.00, 0.00
1537986009, 230, jbd2/sda6-8, 0.00, 130.69
1537986009, 13860, nautilus, 0.00, 0.00
1537986009, 14025, zeitgeist-daemo, 19.80, 47.52
1537986009, 14036, zeitgeist-fts, 0.00, 245.54
1537986010, 230, jbd2/sda6-8, 0.00, 55.45
1537986010, 12364, Xorg, 0.00, 0.00
1537986010, 13718, dconf-service, 0.00, 19.80
1537986010, 13860, nautilus, 0.00, 138.61
1537986010, 14025, zeitgeist-daemo, 3.96, 19.80
1537986010, 14036, zeitgeist-fts, 0.00, 245.54
1537986010, 14060, slack, 0.00, 3.96
1537986010, 14129, slack, 0.00, 3.96
1537986010, 14132, slack, 0.00, 3.96
1537986010, 22472, file-roller, 23.76, 138.61
1537986011, 14303, firefox, 0.00, 3.92
1537986012, 230, jbd2/sda6-8, 0.00, 11.88
1537986012, 13718, dconf-service, 0.00, 138.61
1537986012, 14060, slack, 0.00, 3.96
1537986013, 14303, firefox, 3.96, 31.68
1537986014, 230, jbd2/sda6-8, 0.00, 19.61
1537986014, 14060, slack, 0.00, 3.92
1537986015, 12364, Xorg, 0.00, 0.00
1537986015, 17198, kworker/u8:5, 0.00, 0.00
1537986016, 5007, chrome, 0.00, 11.76
1537986016, 23769, collect-cpu-usa, 0.00, 7.84
1537986016, 23771, collect-memory-, 0.00, 3.92
1537986017, 230, jbd2/sda6-8, 0.00, 7.92
1537986017, 14025, zeitgeist-daemo, 11.88, 51.49
1537986017, 14036, zeitgeist-fts, 0.00, 253.47
1537986017, 14303, firefox, 0.00, 3.96
1537986018, 230, jbd2/sda6-8, 0.00, 3.96
1537986018, 13718, dconf-service, 0.00, 39.60
1537986020, 230, jbd2/sda6-8, 0.00, 0.00
1537986020, 14060, slack, 0.00, 3.96
1537986021, 14303, firefox, 0.00, 79.21
1537986022, 14303, firefox, 3.92, 556.86
1537986023, 5007, chrome, 0.00, 23.76
1537986023, 14303, firefox, 0.00, 134.65
1537986024, 5007, chrome, 0.00, 3.92
1537986024, 17262, code, 0.00, 7.84
1537986025, 230, jbd2/sda6-8, 0.00, 23.76
1537986025, 14303, firefox, 0.00, 47.52
1537986026, 230, jbd2/sda6-8, 0.00, 27.45
1537986026, 17262, code, 0.00, 3.92
1537986028, 230, jbd2/sda6-8, 0.00, 0.00
1537986028, 17262, code, 0.00, 3.96
1537986032, 12364, Xorg, 23.76, 15.84
1537986033, 230, jbd2/sda6-8, 0.00, 23.53
1537986033, 5007, chrome, 0.00, 54.90
1537986033, 12364, Xorg, 0.00, 15.69
1537986034, 5328, chrome, 82.35, 0.00
1537986034, 12364, Xorg, 0.00, 31.37
1537986035, 12364, Xorg, 0.00, 15.84
1537986036, 5007, chrome, 0.00, 7.84
1537986038, 5007, chrome, 0.00, 35.64
1537986038, 17198, kworker/u8:5, 0.00, 0.00
1537986039, 230, jbd2/sda6-8, 0.00, 0.00
1537986039, 5007, chrome, 0.00, 11.88
1537986039, 23769, collect-cpu-usa, 0.00, 3.96
1537986042, 5007, chrome, 0.00, 23.76
1537986045, 230, jbd2/sda6-8, 0.00, 15.84
1537986045, 23771, collect-memory-, 0.00, 3.96
1537986047, 23769, collect-cpu-usa, 0.00, 7.84
1537986048, 23771, collect-memory-, 0.00, 3.96
1537986049, 230, jbd2/sda6-8, 0.00, 23.76
1537986050, 14025, zeitgeist-daemo, 0.00, 19.80
1537986052, 17303, code, 27.45, 0.00
1537986052, 23767, run, 1321.57, 15321.57
