TIMESTAMP, TOTAL, USED, FREE, SHARED, BUFFER/CACHE, AVAILABLE
1537985983, 7972256, 3763816, 1901036, 1373964, 2307404, 2489936
1537985984, 7972256, 3852484, 1812556, 1373744, 2307216, 2401456
1537985985, 7972256, 3928100, 1736048, 1373204, 2308108, 2326232
1537985986, 7972256, 4074896, 1584576, 1377920, 2312784, 2174828
1537985987, 7972256, 4147860, 1511596, 1377860, 2312800, 2101856
1537985988, 7972256, 4427508, 1235224, 1374584, 2309524, 1825484
1537985989, 7972256, 4537984, 1124088, 1375168, 2310184, 1714348
1537985990, 7972256, 5059472, 604296, 1373456, 2308488, 1194604
1537985991, 7972256, 5236048, 432384, 1368816, 2303824, 1022692
1537985992, 7972256, 5074620, 737908, 1332784, 2159728, 1220208
1537985993, 7972256, 4045048, 1760020, 1341112, 2167188, 2241876
1537985994, 7972256, 4217744, 1587180, 1341132, 2167332, 2069168
1537985995, 7972256, 4393252, 1419072, 1332560, 2159932, 1902180
1537985996, 7972256, 4446640, 1366472, 1331356, 2159144, 1849740
1537985997, 7972256, 4481864, 1330196, 1332484, 2160196, 1813664
1537985998, 7972256, 4552344, 1259176, 1332996, 2160736, 1742648
1537985999, 7972256, 4608848, 1194392, 1341212, 2169016, 1677968
1537986000, 7972256, 4577104, 1232668, 1334676, 2162484, 1716244
1537986001, 7972256, 4637972, 1171672, 1334808, 2162612, 1655248
1537986002, 7972256, 4842108, 967020, 1335324, 2163128, 1450596
1537986003, 7972256, 4113076, 1695644, 1335600, 2163536, 2179320
1537986004, 7972256, 4257628, 1549508, 1337048, 2165120, 2033212
1537986005, 7972256, 4568436, 1243672, 1332232, 2160148, 1727384
1537986006, 7972256, 4199556, 1613652, 1331176, 2159048, 2097368
1537986007, 7972256, 4198372, 1614808, 1331176, 2159076, 2098524
1537986008, 7972256, 4199008, 1614676, 1330664, 2158572, 2098392
1537986009, 7972256, 4199696, 1613964, 1330664, 2158596, 2097692
1537986010, 7972256, 4199060, 1601020, 1344236, 2172176, 2084860
1537986011, 7972256, 4199392, 1600492, 1344476, 2172372, 2084408
1537986012, 7972256, 4198916, 1611260, 1334148, 2162080, 2095044
1537986013, 7972256, 4197876, 1605636, 1340748, 2168744, 2089464
1537986014, 7972256, 4199128, 1603888, 1341208, 2169240, 2087748
1537986015, 7972256, 4199060, 1610640, 1334556, 2162556, 2094476
1537986016, 7972256, 4199696, 1605884, 1338672, 2166676, 2089728
1537986017, 7972256, 4199920, 1605348, 1338984, 2166988, 2089192
1537986018, 7972256, 4199428, 1605336, 1339520, 2167492, 2089160
1537986019, 7972256, 4199544, 1605412, 1339308, 2167300, 2089292
1537986020, 7972256, 4199140, 1613520, 1331616, 2159596, 2097400
1537986021, 7972256, 4199156, 1617696, 1327396, 2155404, 2101580
1537986022, 7972256, 4199368, 1619280, 1325568, 2153608, 2103168
1537986023, 7972256, 4204876, 1611732, 1327652, 2155648, 2095620
1537986024, 7972256, 4204604, 1609256, 1330400, 2158396, 2093148
1537986025, 7972256, 4205800, 1612248, 1326180, 2154208, 2096144
1537986026, 7972256, 4207168, 1611148, 1325924, 2153940, 2095052
1537986027, 7972256, 4206736, 1612084, 1325416, 2153436, 2095988
1537986028, 7972256, 4209356, 1607676, 1327212, 2155224, 2091588
1537986029, 7972256, 4210248, 1608496, 1325504, 2153512, 2092404
1537986030, 7972256, 4209988, 1606072, 1328172, 2156196, 2089992
1537986031, 7972256, 4208716, 1610156, 1325356, 2153384, 2094080
1537986032, 7972256, 4209932, 1569824, 1364468, 2192500, 2053748
1537986033, 7972256, 4210132, 1552868, 1381164, 2209256, 2036792
1537986034, 7972256, 4212076, 1576496, 1355624, 2183684, 2060444
1537986035, 7972256, 4211716, 1576396, 1356056, 2184144, 2060368
1537986036, 7972256, 4212528, 1582912, 1348644, 2176816, 2066968
1537986037, 7972256, 4212656, 1591392, 1340056, 2168208, 2075448
1537986038, 7972256, 4211988, 1590492, 1341416, 2169776, 2074548
1537986039, 7972256, 4212400, 1590740, 1340920, 2169116, 2074800
1537986040, 7972256, 4212652, 1602296, 1329112, 2157308, 2086364
1537986041, 7972256, 4213272, 1602164, 1328608, 2156820, 2086232
1537986042, 7972256, 4212368, 1603328, 1328368, 2156560, 2087396
1537986043, 7972256, 4211832, 1603856, 1328368, 2156568, 2087928
1537986044, 7972256, 4212608, 1603080, 1328368, 2156568, 2087152
1537986045, 7972256, 4212832, 1602832, 1328368, 2156592, 2086912
1537986046, 7972256, 4212440, 1603236, 1328368, 2156580, 2087320
1537986047, 7972256, 4214316, 1601360, 1328368, 2156580, 2085444
1537986048, 7972256, 4215168, 1600500, 1328368, 2156588, 2084588
1537986049, 7972256, 4215820, 1599880, 1328368, 2156556, 2083968
1537986050, 7972256, 4214472, 1601216, 1328368, 2156568, 2085312
1537986051, 7972256, 4214376, 1601268, 1328368, 2156612, 2085372
1537986052, 7972256, 4213048, 1602616, 1328368, 2156592, 2086720
